7324
3700
1476
4545
8356
2825
8292
7797
3961
2322
242
153
2761
7084
4956
6690
4550
2797
2851
6122
6989
8997
7646
9385
7075
8880
7915
1054
187
7108
720
6127
5285
3374
1040
9035
6529
132
3961
7464
8544
6518
585
5151
795
8693
8385
7488
1869
7008
1490
2018
331
4504
5588
8139
4292
8975
4982
2585
836
6193
8015
347
9298
1790
5651
4991
1257
548
5249
9304
5492
6341
9
5531
3139
8074
8219
2310
4762
4036
1483
9006
6840
5626
1232
4612
5221
468
3131
8276
5892
243
7221
9689
3528
8571
6561
8496
7363
2670
977
5911
7257
4405
949
8722
3556
4510
238
1066
2257
9789
6656
5410
3831
3200
662
3399
728
3028
7711
99
1391
2317
2486
175
4425
998
1423
8499
2897
9685
2557
9915
4628
3594
4401
6919
7075
2452
3981
9071
9126
8896
9095
5649
6605
8495
3849
5721
7634
4658
5605
9419
3530
1861
9045
8064
7739
3221
9168
6091
440
9311
6729
8615
6359
3655
1442
7087
8403
2002
6478
5225
1693
4960
435
6688
6525
1129
9998
8252
6695
691
8193
3552
2473
2621
7287
928
7633
3899
6009
3773
7419
9807
3561
6047
3799
3520
7547
670
7657
7082
211
7724
1258
8162
7209
5506
9980
9395
1769
2182
2971
5642
2615
1446
7215
4842
9264
6228
2702
3741
9916
2749
3758
7288
464
9143
5032
5386
6256
6855
504
6097
9985
8317
3569
8377
6139
1612
3694
6561
6430
6330
1090
2331
5996
7216
241
1536
2180
9342
6936
2430
5151
895
6663
6416
7827
4020
4959
1688
3061
2031
6565
283
7675
4094
2134
6585
6192
3282
8214
4039
7776
5900
8177
2107
2563
6451
4050
9028
8103
5588
6497
851
8917
8886
9079
6153
7142
1896
5710
319
5807
9146
5876
7244
8583
4181
3118
5447
1641
3560
8568
7017
4036
6240
7338
573
4672
9554
3143
1575
4172
616
7935
3647
1843
4295
8132
1481
620
4201
9354
6258
5312
3259
9960
424
2023
8549
7723
870
9883
1489
4985
6827
3838
5882
4098
5110
4840
2194
451
6624
6328
336
9509
1670
2219
7365
1698
2066
5195
1769
1063
1573
4399
5111
4613
931
3520
8898
2386
6394
7691
658
8077
4016
4514
5406
3518
8153
5326
6567
6523
8722
15
6511
2871
3693
7843
7589
356
3241
709
1598
8090
5357
4301
6418
9056
9073
8534
1792
2119
9512
3020
3790
3959
990
3876
8417
5664
5787
6966
709
4098
2177
7797
937
2584
3671
8783
3723
319
290
1551
5676
2853
5677
5968
3183
5981
821
5084
5619
6943
1620
6211
3706
8555
5096
3511
1045
5294
1150
4612
5791
4493
624
3261
1651
7758
3497
577
2842
791
5041
1661
2901
2782
2538
6859
2499
2431
7765
8728
2511
4300
1793
387
1274
9006
5185
4608
6272
1082
8697
877
9706
319
7093
1836
7711
6924
9542
2831
8247
8655
3066
7442
382
5207
9894
8978
3714
6171
2803
5612
5033
2675
5139
1248
1489
612
2142
6115
2181
4218
7725
3780
4985
9069
2866
2230
7907
566
2802
8236
5462
6651
3185
2292
5116
8886
1512
4298
3215
5588
6629
3293
9588
9433
8495
8766
6676
1824
3699
2852
8808
3024
2304
941
305
331
9549
3151
6146
4064
5666
3469
2618
9824
6633
3493
5858
7997
4114
8582
7103
9678
7245
3278
4724
1616
7176
4625
5927
2071
5237
7719
8798
5186
9526
4844
5382
6572
5336
3355
3472
4766
393
9444
7992
4641
9480
2618
5380
7234
8840
9082
181
9679
9328
5925
6029
6510
4482
2510
8829
332
8390
3727
1241
4114
9554
3830
1211
5796
9080
2381
5953
7588
7868
5335
1924
723
112
1942
3990
1127
7294
8746
5671
4424
1218
6932
6867
5973
7666
7784
2859
8308
8346
6737
2975
3862
5896
6862
5717
2232
4913
4618
9
4742
1710
6538
8594
6314
919
1535
2364
9186
9546
7003
294
9248
9863
6320
298
5131
5835
5428
2357
7170
2599
3297
7523
6289
7469
1193
6376
3484
8311
8646
1853
7640
5363
1807
3125
2713
575
9783
1994
550
5773
6240
9145
361
5283
1709
1303
9426
9730
4661
8206
7019
2160
9186
2569
5958
756
2169
8248
2067
1774
8965
719
222
6432
3404
2193
6917
5805
2707
8725
6342
813
9325
1330
2775
5690
8542
9373
2256
1546
5471
9355
4514
8569
5898
1301
6347
370
9460
56
7057
185
8410
2565
4460
2921
1940
780
2401
2933
6583
4719
3432
2349
9175
2822
6415
4831
1097
9519
9335
7703
4534
9504
380
2549
2283
9579
2835
394
4477
4604
4716
7550
379
1202
1750
6032
3292
8904
1633
9851
5959
9870
4815
9298
8545
8201
8596
3640
1248
947
2573
590
9390
2800
6157
3994
490
5215
1601
1424
3401
9130
4501
7056
4314
1658
2016
7451
5622
7209
4155
9539
7558
2581
5183
7359
7279
9470
8219
7751
2616
493
3509
6082
252
5776
7992
8874
2603
4838
1659
9465
7755
6340
6083
4402
4651
8401
2350
6830
3064
644
9904
5889
8633
9992
5820
4888
597
9434
3624
274
8821
8319
4370
5448
6419
8164
1441
9498
3329
2867
1844
9448
5991
8094
7143
3385
5860
1068
8773
5644
6805
5581
1767
7305
4980
3932
9145
9586
5912
5664
1342
1243
7114
6494
6938
9379
1144
5487
8973
9678
9746
2666
6480
4257
8033
2606
9352
410
9047
6941
7527
3017
4594
8680
2545
6382
3275
6307
8124
4432
1499
4437
4737
3271
3420
7119
8080
1944
3933
2294
9168
3371
8032
2511
9523
5801
5550
5910
1607
7479
3722
2826
6793
1562
9538
1896
3733
70
8609
227
2616
8215
6402
3629
9078
363
3567
2517
6744
2890
6712
1757
6861
2818
6320
86
3857
3220
4112
1578
507
469
303
9894
4288
7890
8137
178
2485
7667
8107
6911
7761
9898
4081
8972
1089
4553
3351
6612
3973
3645
2012
5911
8760
8154
2773
1795
3534
1380
2030
6463
9846
6008
8602
4405
1630
2325
2203
714
8501
251
685
6571
7547
158
2701
7637
1157
1254
1960
2144
4381
6134
5838
4025
4343
3926
5189
1547
8462
8400
9305
1849
3820
3508
5297
5051
6488
4104
1901
8515
2762
640
187
9547
5002
4053
3753
4236
9207
4309
4229
6365
8883
9880
9041
6198
3291
8026
8530
8816
3925
5209
1383
3596
6434
6749
7366
4156
1363
2126
6194
8146
2519
6679
9129
8707
4738
8294
8138
4967
1466
4220
852
5152
8763
3687
537
1444
9034
1065
8577
9016
4183
7797
8555
1083
9195
1558
2638
5757
6625
4028
2654
6250
1793
3172
7706
7639
2247
5858
7058
6056
3475
1486
6470
6667
2073
6552
3626
9237
6120
5449
806
8550
7512
3256
3673
7979
1372
3045
2781
5649
9256
4325
1973
4817
2716
3483
9764
9980
1773
2512
7543
1300
5877
542
9378
6964
3937
6798
6041
9069
1929
6780
3492
1230
4252
4980
4710
992
5833
6092
1511
9947
7594
2766
6300
7128
3195
5328
4024
5477
6473
7025
4669
254
6581
5042
2747
670
4727
4094
8377
1713
8447
4024
3345
3973
5351
9792
9268
5725
6501
129
9711
8577
4621
1754
4166
3382
7314
7991
1341
7317
5389
8827
2998
5387
9094
5612
7460
9021
9439
7803
30
9429
6753
111
2655
6557
9581
557
1114
6055
1397
678
7786
2678
4419
5741
184
9117
7463
5491
1798
7826
8942
177
2712
7311
8301
5313
8242
5685
2109
106
4460
4237
4129
7782
8979
7964
1939
7089
5129
8849
1884
592
4796
6815
6354
7932
8500
6962
3787
2250
534
8256
2176
7656
614
8973
6061
6630
7865
2762
2501
4510
4536
6892
4835
4929
5392
5829
9899
5376
8759
6673
206
2788
6585
5230
7836
5306
4672
3768
1732
8222
9778
6945
7591
2643
292
7802
4123
1693
877
4449
3116
75
2741
4871
1756
2340
572
4363
4506
2253
119
2184
8641
7940
4469
1961
6567
1900
1423
2133
5958
1941
542
6042
2776
2999
7159
5994
4283
1211
8241
9116
6708
6438
6055
5649
4399
8371
5801
1621
2021
8412
7997
6061
7878
2869
1027
4051
5142
2981
2694
2714
3284
3153
3230
4016
4101
1031
5346
2400
3024
8516
1498
3649
6962
4546
163
6159
2241
6834
44
9940
7694
1442
8526
1074
2564
2938
3752
4159
8653
5849
2519
942
2019
1479
7909
2950
2515
8887
4073
1617
7998
5964
7708
7011
5898
84
9276
7669
902
6404
9113
5613
5514
850
9276
7932
1340
2441
7560
6147
1951
9645
5848
8979
5718
4667
7144
5280
7159
4956
8576
4673
746
8214
5931
662
9968
4367
6230
4006
5425
9599
4788
6325
4670
5824
845
7278
5125
2645
6103
6531
8146
7188
3245
1262
8866
6513
7547
850
5667
8505
6860
5971
440
7864
3419
95
4649
4279
2661
2503
2742
5029
5328
1454
1036
5793
8565
1565
8001
5938
184
6209
1225
1363
3064
1650
2394
1677
8482
7056
413
1683
9248
8316
219
788
7935
4848
5959
3329
7694
3820
5835
1116
9458
6510
6330
9384
5478
8621
4452
9523
3088
6051
7208
4349
5631
1444
2883
7331
3137
4591
6967
701
7280
1360
4424
3712
5324
5311
3183
3632
4004
4361
8833
374
2814
9480
2282
4170
8966
9554
291
4269
9363
2059
8611
6934
1237
6184
1729
6423
3915
993
7559
7083
1889
8130
4898
6078
9430
7871
3926
5241
9563
5809
4766
5976
5032
9552
4242
7642
8633
4831
4385
7701
2405
1567
3662
7027
4735
6145
2455
7645
3973
2508
399
9986
3622
519
9134
2387
2801
4147
6846
7471
6888
5496
1542
7126
2003
6811
8036
8973
3377
9161
1251
253
9962
2658
2476
951
303
7380
3401
6072
3891
8211
9413
2101
259
7314
1007
2356
7040
3169
9309
7446
2430
2004
9628
4004
661
7947
5318
8229
3252
9011
9165
6618
325
5560
6355
8407
1867
7397
8684
8878
8137
7978
779
4873
2012
1193
7946
4371
9352
5741
2837
7939
8065
6999
677
2342
6224
6598
4058
2985
5221
1890
7250
1296
2795
8086
134
5878
5575
2327
6292
6049
1258
4485
4471
1889
5878
1086
6226
5829
8733
6345
6188
665
837
2437
6084
1344
4552
4159
1990
4954
4392
2602
8902
3699
592
9518
9673
6280
6981
7663
5268
9014
9275
9993
9772
3345
2164
3381
8924
5822
4707
3595
9748
4285
6687
2116
5550
7462
8979
9946
4253
2143
6578
8558
2558
2999
2632
6662
4161
1522
8411
6145
7456
5218
8096
7160
4973
5038
2874
6739
7531
8353
4894
8213
2275
2450
8786
4934
5575
7052
9411
9819
2354
2089
9974
9491
8670
1584
5046
1984
8016
1559
2908
2736
6446
1415
6189
4648
1056
5723
8621
9388
6228
7092
8641
5917
2475
3725
5266
2511
5250
7589
6734
4278
5323
1438
4392
5149
4025
961
4271
4866
5035
700
7549
401
127
218
2518
2156
5768
3597
8336
2740
9818
7818
433
6070
9282
4384
740
5813
8339
1415
8790
4079
3115
257
7037
5631
5924
3568
7991
3055
246
4996
1328
5672
5049
4542
4142
4840
57
1959
2919
7486
6082
4166
6658
2404
7099
2146
4379
3418
767
1684
7887
7083
9638
919
1239
9710
9234
1615
1426
5468
7525
532
5243
1496
8032
1529
6378
8112
6663
5885
3574
9663
976
4030
3096
7756
3258
2772
9083
7858
5465
8017
8943
45
6960
7955
2556
3086
472
2660
2292
1547
6940
4686
5185
9750
5927
3550
2622
9928
4581
1732
3954
2842
2711
2644
6583
5456
4098
3964
9096
1715
5207
6370
4680
4217
5484
3546
5248
978
8409
3153
6512
1026
5968
8169
2311
3734
7107
5041
4846
6165
3113
1167
4414
8404
6923
9165
1042
5558
6905
5774
4119
9199
1034
7531
5119
3187
2736
3855
3285
8767
8186
6955
27
5779
3955
4614
2832
2347
1224
4533
1181
3609
7190
1811
5486
8417
3425
4525
1470
545
1410
9245
4571
9258
2328
6192
8584
63
2575
7478
9041
9801
6286
7238
8521
2900
5178
3788
5968
4938
7048
9936
1345
9562
1344
5107
1575
1061
2157
7240
7567
9397
9857
2397
7000
7689
4229
9717
8887
8657
7485
8260
1095
3011
4682
8758
5950
808
5962
4924
9563
663
7514
644
7260
2699
2251
676
7516
2307
5442
498
6264
5734
2986
9971
1586
5488
8580
3710
5791
4014
7774
8460
540
8642
6658
1759
2878
7523
6741
4620
1286
9461
4848
9382
2594
6080
2619
9912
9137
6495
8373
5439
7679
6200
1872
9570
2494
9731
5882
4575
3542
3288
2902
8179
9235
9194
857
4485
2668
1034
2784
7695
884
1065
1022
8170
1961
5885
6484
4054
5610
463
89
3011
1590
7391
3801
2510
3023
9877
5226
8875
1726
1509
6073
9468
7376
2126
1603
8955
1133
7231
6208
8826
5449
8454
57
7540
9027
4999
4778
2559
6748
4805
483
945
178
320
6824
1068
1850
123
1593
1576
2315
3912
4603
3307
8551
2371
3797
1015
4037
7368
2055
2688
3033
4753
229
5416
3350
9744
7841
426
7626
4918
4150
7679
3991
5182
4705
3952
2177
5416
9498
1896
6467
6933
9905
8437
9516
2012
5971
4460
760
1064
4859
5814
6441
5518
21
6538
4356
4046
94
2168
6264
4709
7063
2207
7816
8380
3128
9244
9274
2706
7394
1697
8312
2945
3245
3869
2868
9775
4144
6605
409
6259
6430
2239
9964
6225
6557
6014
1345
5796
1523
5679
4986
4679
8601
8183
3434
1489
1953
3687
2808
7482
5844
7957
271
1886
1124
4328
4562
1325
5728
4543
5853
125
8726
3823
7239
6093
1554
8952
7811
6310
9573
6402
2133
3488
4545
3945
2146
2462
2256
8482
8384
5687
1861
3065
1836
7586
7370
3833
5147
3981
2472
9879
3848
8682
3478
587
8396
8055
4216
5979
956
8216
5144
4086
2044
2131
2722
8554
7137
8104
9418
9683
229
7259
664
2033
2579
3552
9315
1268
5841
5745
4268
631
5918
3854
5825
8422
2801
5874
8946
4845
4593
8190
5344
1614
3507
1605
433
7534
4558
2180
8289
6862
3211
459
8194
7521
9447
1819
4468
9630
2922
8878
7535
8916
610
6398
6605
6948
265
6595
7301
9792
886
7309
2114
191
127
7642
66
7193
9836
308
762
5541
9526
2426
6327
3549
8414
1146
6543
9962
4122
8616
5286
2018
9338
4509
5116
4618
553
2846
9220
4186
4527
9896
3136
6476
9155
9061
136
4191
8366
8750
953
8734
1066
509
1802
3497
4874
6494
4825
7085
5347
4658
6356
309
8184
3711
5828
8556
5011
5879
3220
3741
6703
2690
4031
1609
1427
8603
8983
3684
9433
789
8066
2237
236
648
4079
2072
4752
1516
3831
9194
8347
512
910
3024
8577
664
7448
9885
1901
9409
9256
8414
6091
4273
132
7595
5044
896
1188
828
1792
3485
7002
1861
1727
303
6907
8992
6243
6793
3467
1014
4101
4664
7815
1833
9592
956
9580
7313
7499
7841
2565
6657
5863
345
5889
981
7576
2215
8531
987
6265
8250
1235
4298
5576
3845
8002
2035
8617
2951
1387
1763
2822
9724
2756
9427
2643
9871
5396
5388
2783
5290
1934
3866
7847
1020
5628
4972
133
9013
6375
468
4454
3681
2370
1809
1178
6015
2311
6279
9764
6844
8537
3032
4960
449
2808
625
3204
1734
4595
3715
3071
8049
4360
3197
1759
2223
9351
5059
3599
9182
1765
5021
701
6804
2092
7837
7049
2560
8927
4718
4457
4363
6906
6870
713
9994
1880
4729
8704
4931
1439
842
8766
1498
2375
2333
642
8151
3416
5790
6728
4917
3424
9928
6767
8345
7139
3619
8969
4349
2525
2109
5131
2664
7763
2980
3236
4908
600
7677
619
5516
5899
7220
8113
7752
9518
4512
3269
6887
1665
4834
6422
8191
9821
7738
5987
2755
3852
5846
1854
1242
5621
6680
4064
3624
2087
1523
3062
6475
1659
8290
24
1076
8811
6613
4714
1408
4961
3609
3564
6275
1560
1698
7148
656
895
295
2844
2262
3164
3435
7437
2394
9949
595
6442
1293
5961
3145
5410
2811
677
3244
8301
3055
2163
3746
6111
4134
8853
7131
5227
6463
2527
4691
4303
6027
6091
7587
2141
2166
3269
5348
9321
5250
3238
6274
6590
3165
8287
1097
5868
7999
3211
2607
2108
6770
2311
4046
8068
9245
2350
5163
4325
1887
5660
9832
2257
677
5108
3602
2539
5432
8157
7528
1831
9206
6887
2537
1312
1915
619
3272
7208
6699
3761
463
938
5279
2923
4221
4507
7834
8367
2622
5199
2631
2930
3413
7160
7521
4015
1704
7098
6766
4758
872
138
7961
6322
5660
1236
8251
1219
9865
4571
261
8218
6912
5163
2716
3683
9396
6682
7585
3372
5574
685
7932
4100
159
3608
6356
7855
9721
8061
2478
4198
7514
3110
5600
4955
1070
8077
7761
2986
2961
6248
4655
1835
2582
1250
8764
6707
1206
3524
1381
842
7352
8483
0
4920
4217
7827
2898
7545
5497
7834
6043
9776
6130
2847
543
5431
7381
6384
5345
6548
6083
259
1805
4407
4388
8420
8131
9791
8680
3934
3067
6573
2376
6309
8105
3137
1032
7439
6975
1504
5803
9603
3097
9991
3907
5305
5801
7161
3635
6737
8111
1828
3091
6400
2613
1794
1104
5173
4693
2780
1965
7546
4887
1192
4106
8598
8506
1203
2175
6911
3198
7113
5717
5101
4028
2769
2017
1129
883
6566
9966
1412
9504
992
9750
1380
8089
5602
6652
2665
1574
2524
9785
7438
8428
8176
7314
5771
7351
6673
7410
4056
2420
9480
5817
7419
8696
8497
7745
2978
817
5490
6744
6221
4727
7291
5455
8610
8413
9192
4846
6196
8730
148
4209
5773
9951
9880
6243
8568
2133
7665
1478
9516
9444
160
7277
7315
7810
2378
7414
1305
9654
1376
3622
7519
6328
6105
4114
6366
8343
3627
1976
4489
1750
9608
6441
4220
8276
1909
611
3185
7046
6822
942
7297
2339
4949
3699
1991
3725
3714
1380
8512
8263
6564
716
8911
2967
2830
6004
1677
6889
6413
3551
3309
7341
3021
9107
9070
6238
906
3029
537
8672
6692
8335
8282
9893
1628
32
8060
7900
4620
9008
5085
2951
4755
2254
3249
3880
